all        5155       11296       0.873       0.866       0.912        0.84
jacket        5155         404        0.88       0.948       0.958       0.918
coat        5155          86       0.913       0.857       0.912       0.879
jumper        5155          90       0.943       0.928       0.961       0.945
padding coat        5155          49       0.916       0.896       0.933       0.861
vest        5155         132       0.899       0.879       0.923       0.803
cardigan        5155         147       0.882       0.867       0.919       0.881
hood zip-up        5155         102         0.9       0.853       0.932       0.908
casual-top        5155         559       0.873       0.887       0.934       0.865
sleeveless        5155         363       0.867       0.865       0.922       0.837
sweatshirt        5155         107        0.86       0.888       0.949       0.916
hooded t-shirt        5155         138       0.922       0.942        0.96        0.93
shirts / blouse        5155         615       0.868       0.896        0.94       0.884
knit /sweater        5155         101       0.857       0.752       0.858       0.829
shorts        5155         340       0.951       0.916        0.97       0.894
slacks / cotton pants / Chino        5155         354       0.825       0.889       0.928       0.869
wide pants        5155         257       0.837       0.813       0.909       0.854
jeans        5155         195       0.884       0.892       0.956       0.911
cargo pants        5155         123       0.871       0.902       0.946         0.9
Leggings        5155          81       0.951       0.957       0.989       0.943
jogger pants        5155         118       0.894       0.864       0.938       0.887
overalls        5155          64       0.781       0.781       0.853        0.83
mini skirt        5155         239       0.911       0.904       0.943        0.89
skirt        5155         271        0.88       0.908       0.929       0.884
mini dress        5155         232       0.829       0.855       0.876        0.84
dress        5155         453       0.909       0.904       0.951       0.905
bikini        5155         106       0.983       0.906       0.949       0.912
rash guard        5155          59       0.933        0.94       0.959       0.928
one-piece swimsuit        5155          61       0.948       0.896       0.955       0.909
beach tops        5155          28       0.772       0.821        0.87       0.748
beach pants        5155          37        0.83       0.793       0.831       0.758
bra        5155         156       0.914       0.883       0.964        0.89
panties / underwear        5155         129       0.925       0.915       0.951       0.903
Pajamas / home wear        5155         133       0.942       0.947       0.969       0.946
Slip dress        5155          98       0.967       0.892       0.961       0.921
bathrope        5155          20       0.894           1       0.977       0.972
correction underwear        5155          44        0.84       0.955       0.952       0.907
shoes /Loafers        5155         346       0.851       0.835       0.911       0.808
heels        5155         292       0.883       0.873        0.93       0.833
sports shoes /sneakers        5155         570       0.915       0.961       0.966       0.881
boots        5155         344       0.869       0.924       0.961       0.873
sandals / slippers        5155         257       0.827       0.798       0.862       0.765
crossbody bag/ messenger bag        5155         245       0.811        0.78       0.839       0.726
shoulder bag        5155         190       0.799       0.763       0.833       0.743
Tote bag        5155         151       0.774       0.828        0.88       0.811
brief case        5155          27       0.954       0.778       0.864        0.82
waist bag        5155          47       0.946       0.742       0.863       0.796
canvas bag        5155          80       0.845       0.883       0.915        0.85
clutch bag        5155         185       0.773       0.735       0.773       0.686
backpack        5155         102       0.971       0.976       0.989       0.932
pouch        5155          32       0.938       0.781       0.841       0.816
wallet        5155          69       0.789       0.797       0.851       0.797
luggage        5155          19       0.891        0.86       0.932       0.878
ballcap        5155         213       0.893       0.943       0.959       0.875
bucket hat        5155         214       0.835       0.864       0.895       0.791
fedora hat        5155         119       0.802       0.866       0.862       0.807
Beanie hat / Watch Cap        5155         207       0.901       0.922       0.964       0.858
phone case        5155         105       0.788       0.745       0.853       0.778
socks        5155         166        0.75        0.88       0.873       0.749
watch        5155         103       0.854       0.796       0.875       0.711
belt        5155         109       0.793        0.81       0.863       0.689
scarf        5155          75       0.844         0.8       0.855       0.736
Tights / stockings        5155          41       0.913       0.878       0.883       0.697
Gloves        5155          48       0.771       0.667       0.734       0.586
glasses        5155         130       0.815       0.917       0.908       0.723
sunglasses        5155         319       0.914       0.897       0.949       0.742
      